50.509804
53.333333
55.254902
56.000000
58.019608
59.862745
61.196078
62.392157
63.666667
64.450980
65.784314
67.313725
68.568627
69.490196
70.686275
72.156863
73.450980
74.313725
74.647059
74.941176
75.882353
77.215686
78.156863
78.803922
79.392157
79.647059
79.882353
80.411765
80.509804
81.137255
81.254902
81.941176
82.156863
82.627451
83.215686
83.705882
84.313725
84.352941
84.431373
84.686275
85.058824
85.431373
85.960784
86.901961
87.352941
87.666667
88.058824
88.607843
88.960784
88.803922
88.647059
89.098039
89.450980
90.235294
90.980392
90.725490
90.431373
90.686275
91.392157
91.843137
92.000000
92.352941
92.392157
92.235294
92.392157
92.509804
92.823529
92.745098
93.117647
93.411765
93.549020
93.647059
93.274510
93.137255
93.352941
93.333333
93.176471
93.627451
94.058824
94.137255
94.372549
94.549020
94.745098
94.764706
94.960784
94.921569
95.215686
95.411765
95.450980
95.490196
95.568627
95.431373
95.705882
95.549020
95.843137
95.784314
95.686275
95.980392
96.372549
96.372549
