36.000000
45.000000
47.000000
49.000000
52.000000
54.000000
54.000000
53.000000
59.000000
57.000000
57.000000
61.000000
64.000000
64.000000
63.000000
61.000000
65.000000
70.000000
70.000000
70.000000
71.000000
72.000000
73.000000
73.000000
74.000000
75.000000
76.000000
75.000000
76.000000
77.000000
77.000000
75.000000
75.000000
78.000000
78.000000
80.000000
81.000000
81.000000
81.000000
80.000000
81.000000
82.000000
82.000000
80.000000
84.000000
83.000000
83.000000
84.000000
86.000000
86.000000
82.000000
83.000000
82.000000
85.000000
87.000000
88.000000
85.000000
85.000000
86.000000
87.000000
87.000000
89.000000
89.000000
87.000000
88.000000
87.000000
89.000000
87.000000
90.000000
90.000000
90.000000
91.000000
90.000000
90.000000
89.000000
90.000000
88.000000
89.000000
90.000000
90.000000
91.000000
90.000000
89.000000
88.000000
92.000000
92.000000
90.000000
90.000000
90.000000
90.000000
92.000000
92.000000
89.000000
89.000000
92.000000
91.000000
88.000000
91.000000
91.000000
93.000000
